60 60
0 0
442

F
7
7
53
31 36

F
7
7
53
37 13

F
7
7
53
23 37

F
7
7
53
52 57

F
7
7
53
34 25

F
7
7
53
41 32

F
7
7
36
36 47

F
7
7
4
30 35

F
7
7
28
29 41

W
5
5
53
51 6

W
5
5
53
40 42

W
5
5
53
55 11

W
5
5
53
49 23

W
5
5
53
50 48

W
5
5
53
9 2

W
5
5
53
15 25

W
5
5
53
25 39

S
4
4
53
4 29

7
4
4
50
9 11
1
8

S
4
4
50
43 22

S
4
4
50
39 27

S
4
4
50
33 47

S
4
4
50
2 35

S
4
4
50
33 13

S
4
4
50
12 31

S
4
4
50
2 21

S
4
4
50
41 28

T
1
1
51
48 2

T
1
1
50
14 35

T
1
1
50
37 5

T
1
1
50
31 10

T
1
1
50
40 57

T
1
1
50
54 42

T
1
1
50
9 19

T
1
1
50
54 27

T
1
1
50
14 29

T
1
1
50
32 15

T
1
1
50
8 50

T
1
1
50
32 4

T
1
1
50
40 50

T
1
1
50
55 8

T
1
1
50
17 11

T
1
1
50
27 23

T
1
1
50
10 17

T
1
1
50
20 9

T
1
1
50
47 21

T
1
1
50
45 25

T
1
1
19
26 21

G
0
0
50
27 57

G
0
0
50
36 26

B
0
0
50
9 52

B
0
0
50
37 47

B
0
0
50
51 33

O
0
0
50
23 26

D
0
0
50
56 36

D
0
0
50
37 55

O
0
0
50
55 30

B
0
0
50
53 41

O
0
0
50
11 41

B
0
0
50
4 44

B
0
0
50
38 45

U
0
0
50
25 22

U
0
0
50
51 52

U
0
0
50
8 26

D
0
0
50
22 34

G
0
0
50
2 23

B
0
0
50
11 32

B
0
0
50
28 13

D
0
0
50
10 21

O
0
0
50
36 51

G
0
0
50
2 25

B
0
0
50
23 55

B
0
0
50
20 44

D
0
0
50
28 10

U
0
0
50
16 19

G
0
0
50
5 58

B
0
0
50
21 5

O
0
0
50
9 23

U
0
0
50
23 16

O
0
0
50
23 14

B
0
0
50
14 14

G
0
0
50
41 49

O
0
0
50
46 52

U
0
0
50
8 7

B
0
0
50
51 21

B
0
0
50
18 11

D
0
0
50
20 5

U
0
0
50
43 29

O
0
0
50
19 3

O
0
0
50
16 2

O
0
0
50
8 42

D
0
0
50
23 39

G
0
0
50
54 55

G
0
0
50
2 37

D
0
0
50
51 51

B
0
0
50
57 56

B
0
0
50
9 48

B
0
0
50
29 18

B
0
0
50
39 35

O
0
0
50
26 3

B
0
0
50
10 53

O
0
0
50
15 37

D
0
0
50
13 39

U
0
0
50
36 32

U
0
0
50
44 28

D
0
0
50
5 49

U
0
0
50
5 8

O
0
0
50
17 48

O
0
0
50
57 39

D
0
0
50
49 56

B
0
0
50
20 50

D
0
0
50
20 39

B
0
0
50
5 47

D
0
0
50
19 58

O
0
0
50
56 42

U
0
0
50
8 8

O
0
0
50
52 13

G
0
0
50
34 16

U
0
0
50
40 35

U
0
0
50
22 33

B
0
0
50
35 27

O
0
0
50
24 50

O
0
0
50
10 7

D
0
0
50
9 39

O
0
0
50
33 28

O
0
0
50
24 2

B
0
0
50
27 18

O
0
0
50
45 41

O
0
0
50
43 11

B
0
0
50
55 53

U
0
0
50
24 55

O
0
0
50
53 50

O
0
0
50
26 52

G
0
0
50
53 25

D
0
0
50
11 55

B
0
0
49
20 45

G
0
0
49
2 38

D
0
0
49
51 50

D
0
0
49
37 54

B
0
0
48
52 33

U
0
0
48
7 26

G
0
0
48
56 13

D
0
0
48
13 38

D
0
0
47
36 55

G
0
0
47
41 48

D
0
0
47
23 36

G
0
0
46
19 26

D
0
0
46
19 5

D
0
0
46
19 39

G
0
0
45
33 16

G
0
0
45
42 48

U
0
0
44
9 26

U
0
0
44
14 18

D
0
0
44
28 9

D
0
0
44
20 6

G
0
0
44
18 26

G
0
0
44
3 23

D
0
0
43
5 48

U
0
0
43
7 25

U
0
0
43
51 53

G
0
0
42
36 34

U
0
0
42
52 53

D
0
0
41
36 54

G
0
0
41
35 33

G
0
0
41
42 49

D
0
0
40
27 10

D
0
0
39
55 36

U
0
0
39
37 32

G
0
0
39
43 49

B
0
0
39
10 52

B
0
0
38
20 49

D
0
0
38
48 56

U
0
0
37
25 23

G
0
0
37
2 24

D
0
0
37
23 40

D
0
0
37
37 53

B
0
0
36
53 40

B
0
0
36
37 46

G
0
0
35
35 16

D
0
0
35
21 34

B
0
0
35
52 21

D
0
0
35
50 56

G
0
0
35
55 55

D
0
0
35
9 40

D
0
0
35
56 37

G
0
0
34
5 57

D
0
0
34
49 57

D
0
0
34
35 54

D
0
0
34
26 10

G
0
0
34
52 25

D
0
0
33
43 30

B
0
0
33
35 28

G
0
0
33
2 39

D
0
0
33
19 40

D
0
0
33
35 6

G
0
0
33
44 49

D
0
0
33
23 34

U
0
0
32
44 29

D
0
0
32
11 54

G
0
0
32
3 38

D
0
0
32
25 36

D
0
0
32
9 21

B
0
0
32
14 15

G
0
0
31
54 54

D
0
0
31
20 40

G
0
0
31
42 47

G
0
0
31
34 33

G
0
0
31
36 16

D
0
0
31
20 34

B
0
0
31
36 28

G
0
0
31
40 49

U
0
0
30
57 19

D
0
0
30
50 51

D
0
0
30
5 50

D
0
0
30
12 55

U
0
0
30
24 54

G
0
0
30
3 24

D
0
0
30
26 9

D
0
0
30
35 5

G
0
0
29
33 15

G
0
0
29
35 32

U
0
0
29
38 32

U
0
0
29
24 23

D
0
0
29
23 41

G
0
0
29
35 17

B
0
0
29
52 20

D
0
0
29
48 57

B
0
0
29
41 25

G
0
0
29
33 33

D
0
0
29
22 39

D
0
0
29
25 10

U
0
0
28
6 26

B
0
0
28
38 46

D
0
0
28
34 5

U
0
0
28
39 32

U
0
0
28
24 24

U
0
0
28
57 21

D
0
0
27
10 20

D
0
0
27
10 39

D
0
0
27
10 54

U
0
0
27
25 21

B
0
0
26
38 47

D
0
0
26
25 9

G
0
0
26
27 56

G
0
0
25
35 35

B
0
0
25
28 18

G
0
0
25
35 15

D
0
0
25
26 11

G
0
0
25
40 48

U
0
0
24
8 9

G
0
0
24
19 27

D
0
0
24
19 6

G
0
0
24
43 47

G
0
0
24
36 17

G
0
0
24
36 35

G
0
0
24
36 15

G
0
0
23
53 26

D
0
0
23
27 9

G
0
0
23
42 46

U
0
0
23
7 9

B
0
0
23
37 45

B
0
0
22
14 13

U
0
0
22
7 7

B
0
0
22
51 20

U
0
0
22
44 27

D
0
0
22
36 53

D
0
0
22
21 33

D
0
0
22
51 56

G
0
0
22
51 25

D
0
0
22
11 53

D
0
0
22
24 10

D
0
0
22
11 39

G
0
0
22
18 27

U
0
0
21
16 18

D
0
0
21
23 33

D
0
0
21
25 37

D
0
0
21
21 40

G
0
0
21
34 32

G
0
0
21
32 32

D
0
0
21
29 10

U
0
0
20
50 52

B
0
0
20
23 54

G
0
0
20
3 37

U
0
0
20
6 8

D
0
0
20
22 40

D
0
0
20
33 5

D
0
0
20
56 35

D
0
0
19
57 36

D
0
0
19
12 38

D
0
0
19
4 48

G
0
0
19
3 25

B
0
0
18
53 33

D
0
0
18
19 38

G
0
0
18
36 33

D
0
0
18
50 57

D
0
0
18
35 53

G
0
0
18
35 18

B
0
0
17
29 13

D
0
0
17
23 38

D
0
0
17
14 39

G
0
0
17
33 17

G
0
0
17
3 22

D
0
0
17
38 53

D
0
0
17
18 40

U
0
0
17
57 22

D
0
0
17
12 37

D
0
0
16
11 56

D
0
0
16
29 9

G
0
0
16
4 57

D
0
0
16
34 6

D
0
0
16
23 35

U
0
0
16
56 19

U
0
0
16
6 27

G
0
0
16
50 25

D
0
0
15
27 11

D
0
0
15
24 41

D
0
0
15
24 33

G
0
0
15
36 18

D
0
0
14
13 40

D
0
0
14
18 5

D
0
0
14
55 35

D
0
0
14
21 35

G
0
0
14
6 57

G
0
0
14
37 16

G
0
0
14
44 47

G
0
0
13
26 57

G
0
0
13
54 56

G
0
0
13
20 26

U
0
0
13
57 20

D
0
0
13
36 5

U
0
0
13
56 21

D
0
0
13
23 32

G
0
0
13
3 36

G
0
0
12
28 57

D
0
0
12
35 55

U
0
0
12
9 27

D
0
0
12
21 6

G
0
0
12
4 38

D
0
0
12
29 11

D
0
0
11
13 31

D
0
0
11
50 55

B
0
0
11
15 15

G
0
0
11
41 47

G
0
0
11
35 19

G
0
0
11
7 57

G
0
0
11
31 33

B
0
0
10
3 44

D
0
0
10
13 37

G
0
0
10
34 34

D
0
0
10
11 38

G
0
0
10
3 26

D
0
0
10
14 40

B
0
0
9
56 53

D
0
0
9
28 8

D
0
0
9
19 41

G
0
0
9
53 54

G
0
0
9
37 35

G
0
0
9
25 57

G
0
0
8
56 12

G
0
0
8
35 34

D
0
0
8
24 36

G
0
0
8
43 46

G
0
0
8
36 14

D
0
0
8
30 11

D
0
0
8
20 41

U
0
0
7
8 25

B
0
0
7
21 44

G
0
0
7
35 31

D
0
0
7
34 53

G
0
0
7
37 18

G
0
0
7
54 57

G
0
0
7
56 11

G
0
0
6
35 26

B
0
0
6
18 12

D
0
0
6
9 38

D
0
0
6
43 31

U
0
0
6
7 6

U
0
0
6
44 26

D
0
0
6
13 32

G
0
0
6
51 26

G
0
0
6
37 33

D
0
0
6
34 7

U
0
0
6
56 20

U
0
0
6
7 27

G
0
0
6
37 17

D
0
0
5
28 11

B
0
0
5
36 27

U
0
0
5
51 54

D
0
0
5
34 54

D
0
0
5
19 34

D
0
0
5
19 7

D
0
0
5
33 6

G
0
0
5
49 25

U
0
0
5
43 26

G
0
0
4
37 34

U
0
0
4
38 31

U
0
0
4
6 9

G
0
0
4
31 32

G
0
0
4
41 46

G
0
0
4
34 19

G
0
0
4
30 33

G
0
0
3
56 14

D
0
0
3
42 30

D
0
0
3
24 34

G
0
0
3
32 33

D
0
0
3
25 8

D
0
0
3
24 37

U
0
0
3
56 18

U
0
0
2
45 29

G
0
0
2
20 27

D
0
0
2
51 55

D
0
0
2
23 10

D
0
0
2
21 41

D
0
0
2
12 36

D
0
0
2
20 35

G
0
0
2
53 56

G
0
0
2
37 36

U
0
0
2
43 25

B
0
0
1
37 48

B
0
0
1
28 12

D
0
0
1
20 38

U
0
0
1
24 53

B
0
0
1
40 25

G
0
0
1
18 28

D
0
0
1
11 37

G
0
0
1
29 57

G
0
0
1
38 18

G
0
0
1
21 27

D
0
0
0
51 49

D
0
0
0
55 37

U
0
0
0
25 54

D
0
0
0
10 55

B
0
0
0
53 34

D
0
0
0
24 35

D
0
0
0
13 41

G
0
0
0
3 35

G
0
0
0
4 39

B
0
0
0
16 15

G
0
0
0
53 55

D
0
0
0
34 55

D
0
0
0
42 29

F
7
7
0
32 35

========== 
1
145
